./picture/KF_Grad结果/LR_Epl_KF_Grad.pngACC:[0.715, 0.747, 0.756, 0.761, 0.758, 0.757, 0.756, 0.753, 0.753, 0.753, 0.751, 0.751, 0.751, 0.75, 0.749, 0.75, 0.75, 0.748, 0.749, 0.75]
ACC_KF:[0.746, 0.764, 0.757, 0.756, 0.753, 0.75, 0.751, 0.748, 0.75, 0.753, 0.75, 0.749, 0.75, 0.75, 0.75, 0.75, 0.749, 0.752, 0.75, 0.751]
./picture/KF_Grad结果/LR_Epl_KF_Grad.pngACC:[0.714, 0.747, 0.756, 0.761, 0.759, 0.757, 0.756, 0.754, 0.753, 0.753, 0.752, 0.751, 0.751, 0.75, 0.749, 0.75, 0.75, 0.75, 0.749, 0.75]
ACC_KF:[0.747, 0.763, 0.757, 0.755, 0.752, 0.75, 0.751, 0.75, 0.751, 0.751, 0.751, 0.75, 0.751, 0.751, 0.75, 0.751, 0.75, 0.751, 0.749, 0.75]
./picture/KF_Grad结果/LR_Epl_KF_Grad.pngACC:[0.701, 0.746, 0.758, 0.755, 0.76, 0.747, 0.748, 0.749, 0.757, 0.756, 0.745, 0.744, 0.742, 0.743, 0.749, 0.749, 0.746, 0.756, 0.751, 0.753]
ACC_KF:[0.703, 0.745, 0.758, 0.755, 0.759, 0.748, 0.75, 0.749, 0.757, 0.756, 0.746, 0.744, 0.741, 0.742, 0.749, 0.749, 0.746, 0.757, 0.751, 0.754]
./picture/KF_Grad结果/MLP_MINIST_KF_Grad.pngACC:[0.909, 0.9239, 0.9311, 0.9402, 0.9416, 0.9446, 0.949, 0.9505, 0.9531, 0.9557, 0.9553, 0.9583, 0.958, 0.9598, 0.9606, 0.9611, 0.9603, 0.9609, 0.9633, 0.9607]
ACC_KF:[0.9089, 0.9241, 0.9309, 0.9402, 0.9415, 0.9451, 0.9485, 0.9504, 0.9535, 0.9555, 0.9556, 0.958, 0.958, 0.9601, 0.9608, 0.9612, 0.9602, 0.9606, 0.963, 0.9608]
./picture/KF_Grad结果/MLP_MINIST_KF_Grad.pngACC:[0.909, 0.9239, 0.9311, 0.9402, 0.9416, 0.9446, 0.949, 0.9505, 0.9531, 0.9557, 0.9553, 0.9583, 0.958, 0.9598, 0.9606, 0.9611, 0.9603, 0.9609, 0.9633, 0.9607]
ACC_KF:[0.9155, 0.9295, 0.9382, 0.9435, 0.9458, 0.9481, 0.9521, 0.9538, 0.9523, 0.954, 0.9563, 0.9552, 0.9564, 0.9565, 0.9552, 0.9563, 0.954, 0.9557, 0.9565, 0.9539]
./picture/KF_Grad结果/MLP_MINIST_KF_Grad.pngACC:[0.909, 0.9239, 0.9311, 0.9402, 0.9416, 0.9446, 0.949, 0.9505, 0.9531, 0.9557, 0.9553, 0.9583, 0.958, 0.9598, 0.9606, 0.9611, 0.9603, 0.9609, 0.9633, 0.9607]
ACC_KF:[0.9155, 0.9295, 0.9382, 0.9435, 0.9458, 0.9481, 0.9521, 0.9538, 0.9523, 0.954, 0.9563, 0.9552, 0.9564, 0.9565, 0.9552, 0.9563, 0.954, 0.9557, 0.9565, 0.9539]
./picture/KF_Grad结果/MLP_MINIST_KF_Grad.pngACC:[0.9004, 0.9106, 0.9092, 0.9118, 0.9116, 0.9074, 0.9075, 0.9074, 0.9088, 0.9108, 0.9084, 0.9096, 0.9085, 0.9061, 0.9071, 0.9067, 0.9092, 0.9021, 0.9084, 0.9065]
ACC_KF:[0.8962, 0.8983, 0.8899, 0.892, 0.8936, 0.8868, 0.8875, 0.8911, 0.892, 0.8922, 0.8945, 0.8955, 0.8965, 0.8918, 0.8962, 0.8985, 0.8997, 0.8932, 0.8996, 0.8974]
./picture/KF_Grad结果/MLP_MINIST_KF_Grad.pngACC:[0.7881, 0.8503, 0.8724, 0.8834, 0.8898, 0.8966, 0.9027, 0.9063, 0.9079, 0.9112, 0.9141, 0.9151, 0.9172, 0.9174, 0.9191, 0.9211, 0.9217, 0.9232, 0.9243, 0.9255]
ACC_KF:[0.8248, 0.8735, 0.888, 0.8984, 0.9039, 0.9075, 0.9113, 0.9159, 0.9178, 0.9195, 0.9229, 0.9231, 0.9251, 0.9258, 0.9277, 0.9283, 0.9296, 0.931, 0.9318, 0.9328]
./picture/KF_Grad结果/MLP_MINIST_KF_Grad.pngACC:[0.7881, 0.8503, 0.8724, 0.8834, 0.8898, 0.8966, 0.9027, 0.9063, 0.9079, 0.9112, 0.9141, 0.9151, 0.9172, 0.9174, 0.9191, 0.9211, 0.9217, 0.9232, 0.9243, 0.9255, 0.9268, 0.928, 0.928, 0.9285, 0.9295, 0.93, 0.931, 0.9313, 0.9326, 0.9338, 0.9333, 0.9336, 0.935, 0.9354, 0.9364, 0.9373, 0.9381, 0.9395, 0.9392, 0.9405, 0.9401, 0.9418, 0.9425, 0.9425, 0.9429, 0.9443, 0.9439, 0.945, 0.945, 0.9452, 0.9466, 0.9468, 0.9474, 0.9465, 0.9465, 0.9476, 0.9478, 0.9477, 0.9487, 0.949, 0.9504, 0.9505, 0.9506, 0.9509, 0.9507, 0.9511, 0.9511, 0.9525, 0.9524, 0.9528, 0.9534, 0.9543, 0.9534, 0.9534, 0.9549, 0.9548, 0.955, 0.956, 0.9555, 0.9555, 0.9549, 0.9543, 0.9553, 0.9559, 0.9561, 0.9563, 0.9564, 0.9571, 0.9567, 0.9567, 0.9583, 0.9564, 0.9572, 0.9574, 0.9577, 0.9578, 0.9581, 0.9586, 0.9586, 0.9585]
ACC_KF:[0.8248, 0.8735, 0.888, 0.8984, 0.9039, 0.9075, 0.9113, 0.9159, 0.9178, 0.9195, 0.9229, 0.9231, 0.9251, 0.9258, 0.9277, 0.9283, 0.9296, 0.931, 0.9318, 0.9328, 0.9332, 0.9342, 0.9348, 0.9348, 0.9357, 0.9383, 0.9387, 0.9397, 0.9401, 0.9417, 0.9415, 0.9429, 0.9444, 0.9445, 0.9456, 0.9457, 0.9457, 0.9472, 0.9452, 0.9467, 0.9468, 0.9489, 0.9503, 0.9486, 0.9491, 0.9501, 0.9506, 0.9515, 0.9507, 0.9514, 0.9537, 0.9527, 0.9522, 0.9524, 0.9524, 0.9536, 0.954, 0.9536, 0.9542, 0.9557, 0.9553, 0.9553, 0.9559, 0.9545, 0.9545, 0.9563, 0.9575, 0.9585, 0.9585, 0.9592, 0.959, 0.9585, 0.9585, 0.9586, 0.959, 0.9602, 0.9589, 0.9595, 0.9593, 0.9587, 0.9584, 0.9581, 0.9593, 0.9592, 0.9591, 0.9604, 0.9603, 0.9599, 0.9603, 0.9607, 0.9603, 0.9608, 0.9604, 0.9607, 0.9608, 0.9603, 0.9604, 0.9608, 0.9602, 0.9604]
./picture/KF_Grad结果/CNN_MINIST_KF_Grad.pngACC:[0.806, 0.8667, 0.8905, 0.9049, 0.9115, 0.9163, 0.9203, 0.9255, 0.929, 0.9322, 0.9368, 0.9383, 0.9425, 0.9427, 0.9458, 0.9474, 0.95, 0.9505, 0.9519, 0.9549, 0.955, 0.9559, 0.9573, 0.9577, 0.9591, 0.9604, 0.9624, 0.9613, 0.964, 0.965, 0.9651, 0.966, 0.9665, 0.9676, 0.9659, 0.9671, 0.9674, 0.9694, 0.9698, 0.9701, 0.9716, 0.9716, 0.971, 0.9713, 0.9717, 0.9716, 0.9728, 0.972, 0.9731, 0.9737, 0.9732, 0.9731, 0.9742, 0.9734, 0.9736, 0.9754, 0.9747, 0.9755, 0.9743, 0.9762, 0.9758, 0.9767, 0.976, 0.9766, 0.9773, 0.9782, 0.9771, 0.977, 0.9779, 0.9776, 0.9779, 0.9774, 0.979, 0.9787, 0.9795, 0.9784, 0.9795, 0.9797, 0.9796, 0.9804, 0.9806, 0.9801, 0.9803, 0.9805, 0.9792, 0.9805, 0.9805, 0.9808, 0.9809, 0.9808, 0.9809, 0.9813, 0.9812, 0.9807, 0.9809, 0.9806, 0.9805, 0.9814, 0.9815, 0.9814]
ACC_KF:[0.8385, 0.8904, 0.9071, 0.917, 0.9229, 0.9307, 0.9321, 0.9364, 0.9412, 0.9452, 0.9478, 0.9506, 0.9523, 0.9525, 0.9552, 0.9577, 0.9611, 0.9603, 0.9626, 0.9649, 0.9637, 0.9664, 0.9669, 0.968, 0.9668, 0.9685, 0.9704, 0.9691, 0.9709, 0.9726, 0.9712, 0.9743, 0.9741, 0.9739, 0.9726, 0.9747, 0.9753, 0.9746, 0.975, 0.9753, 0.9754, 0.9757, 0.9759, 0.9761, 0.9758, 0.9769, 0.976, 0.976, 0.9771, 0.9769, 0.9773, 0.9771, 0.9765, 0.9765, 0.977, 0.977, 0.9772, 0.9784, 0.9778, 0.9794, 0.9784, 0.9795, 0.9789, 0.9787, 0.9799, 0.979, 0.9799, 0.9799, 0.9807, 0.9801, 0.9804, 0.9792, 0.9814, 0.9807, 0.9813, 0.9815, 0.9806, 0.9808, 0.9812, 0.9812, 0.9815, 0.9814, 0.9814, 0.9816, 0.9804, 0.9809, 0.9812, 0.9816, 0.9815, 0.9818, 0.9825, 0.9818, 0.9814, 0.9818, 0.9816, 0.9813, 0.9806, 0.9812, 0.9822, 0.9809]
./picture/KF_Grad结果/CNN_CIAFAR10_KF_Grad.pngACC:[0.2658, 0.3021, 0.3249, 0.3443, 0.3622, 0.372, 0.3831, 0.3918, 0.3951, 0.4013, 0.4064, 0.4112, 0.4161, 0.4209, 0.4245, 0.4315, 0.4357, 0.4416, 0.4438, 0.4462, 0.4536, 0.4562, 0.4561, 0.4619, 0.4622, 0.4664, 0.4666, 0.4733, 0.4749, 0.4767, 0.4805, 0.4829, 0.485, 0.4822, 0.489, 0.4912, 0.4919, 0.4936, 0.4913, 0.4908, 0.4959, 0.4994, 0.4976, 0.4998, 0.5022, 0.5057, 0.5065, 0.5066, 0.5118, 0.512, 0.5112, 0.5137, 0.5156, 0.5157, 0.5172, 0.5161, 0.5158, 0.5177, 0.5205, 0.5201, 0.5219, 0.5211, 0.524, 0.5221, 0.5219, 0.5247, 0.5286, 0.5252, 0.5279, 0.5298, 0.5329, 0.5325, 0.5349, 0.5326, 0.5317, 0.5377, 0.5373, 0.5358, 0.5343, 0.5348, 0.5367, 0.5393, 0.5404, 0.5422, 0.5406, 0.5439, 0.5415, 0.5438, 0.5443, 0.5448, 0.5465, 0.5474, 0.5482, 0.5475, 0.5472, 0.5499, 0.5494, 0.5492, 0.5486, 0.5478]
ACC_KF:[0.2827, 0.3343, 0.3519, 0.3675, 0.3819, 0.3951, 0.4058, 0.4125, 0.4174, 0.4307, 0.4355, 0.4373, 0.4467, 0.453, 0.4558, 0.4618, 0.4638, 0.4679, 0.4725, 0.4757, 0.4799, 0.4796, 0.4836, 0.4862, 0.4911, 0.4896, 0.4907, 0.4907, 0.4987, 0.4973, 0.498, 0.5058, 0.5038, 0.5052, 0.5104, 0.5105, 0.5118, 0.5107, 0.5121, 0.512, 0.5113, 0.5129, 0.5109, 0.5169, 0.5182, 0.52, 0.5221, 0.5226, 0.5215, 0.5229, 0.5247, 0.5265, 0.5244, 0.5246, 0.5282, 0.5289, 0.5276, 0.5336, 0.5341, 0.5403, 0.5396, 0.5408, 0.5425, 0.5377, 0.5392, 0.542, 0.5402, 0.5437, 0.5438, 0.545, 0.5464, 0.544, 0.5486, 0.5478, 0.5474, 0.5477, 0.5507, 0.5516, 0.5489, 0.5496, 0.5507, 0.551, 0.553, 0.5539, 0.5532, 0.5547, 0.5533, 0.5559, 0.5614, 0.5605, 0.5578, 0.5616, 0.5668, 0.5596, 0.5607, 0.5646, 0.5633, 0.5684, 0.5637, 0.5668]
./picture/KF_Grad结果/CNN_CIAFAR10_KF_Grad.pngACC:[0.2991, 0.3526, 0.3686, 0.3819, 0.3971, 0.4108, 0.4199, 0.4298, 0.4353, 0.445, 0.4475, 0.4546, 0.4618, 0.4692, 0.4711, 0.4752, 0.4774, 0.4795, 0.4834, 0.4896, 0.4885, 0.4907, 0.4939, 0.4976, 0.4998, 0.501, 0.5042, 0.5005, 0.5066, 0.5085, 0.5104, 0.5142, 0.5123, 0.5116, 0.5149, 0.519, 0.5186, 0.5214, 0.5169, 0.5178, 0.5203, 0.5219, 0.5196, 0.5204, 0.5218, 0.528, 0.5288, 0.5307, 0.5285, 0.5302, 0.5316, 0.5307, 0.5323, 0.5364, 0.5336, 0.5336, 0.5399, 0.5434, 0.5424, 0.5492, 0.5458, 0.5507, 0.5506, 0.5481, 0.5465, 0.5495, 0.5468, 0.551, 0.5515, 0.5513, 0.5549, 0.5549, 0.5546, 0.5549, 0.5557, 0.5599, 0.5593, 0.5635, 0.5602, 0.5619, 0.5634, 0.5621, 0.5617, 0.5653, 0.5614, 0.5683, 0.5664, 0.5628, 0.5666, 0.5668, 0.5655, 0.566, 0.5745, 0.572, 0.5713, 0.577, 0.5739, 0.5742, 0.5754, 0.5741, 0.5766, 0.5731, 0.5747, 0.5779, 0.5746, 0.5768, 0.5768, 0.5789, 0.577, 0.5801, 0.5821, 0.5825, 0.5832, 0.586, 0.5851, 0.5849, 0.5867, 0.5852, 0.5863, 0.5878, 0.5866, 0.5853, 0.5833, 0.5836, 0.5887, 0.5898, 0.5885, 0.5878, 0.5906, 0.5907, 0.5925, 0.5894, 0.5902, 0.59, 0.5867, 0.5878, 0.5911, 0.5893, 0.5888, 0.5928, 0.5931, 0.5956, 0.5955, 0.5942, 0.5969, 0.5948, 0.5923, 0.5951, 0.5966, 0.5935, 0.5979, 0.5962, 0.5961, 0.5994, 0.5978, 0.5969, 0.598, 0.6001, 0.5992, 0.5956, 0.5971, 0.5977, 0.5959, 0.5969, 0.597, 0.5983, 0.5992, 0.6002, 0.6002, 0.6016, 0.6015, 0.6007, 0.5981, 0.5988, 0.6024, 0.6, 0.6049, 0.6026, 0.602, 0.602, 0.6016, 0.6047, 0.6022, 0.6028, 0.6043, 0.6031, 0.6059, 0.6054, 0.6027, 0.6021, 0.605, 0.6023, 0.6013, 0.604, 0.6031, 0.601, 0.5993, 0.6025, 0.597, 0.5975]
ACC_KF:[0.3264, 0.3712, 0.3889, 0.4054, 0.418, 0.4322, 0.4448, 0.4533, 0.4562, 0.4613, 0.4667, 0.4716, 0.4812, 0.4855, 0.4844, 0.4866, 0.4883, 0.4891, 0.4952, 0.4936, 0.4966, 0.5013, 0.5032, 0.5103, 0.5093, 0.5149, 0.511, 0.5122, 0.515, 0.5149, 0.5177, 0.5198, 0.5158, 0.5185, 0.52, 0.527, 0.5266, 0.5256, 0.5237, 0.5226, 0.5293, 0.5278, 0.5234, 0.5251, 0.5319, 0.5317, 0.5334, 0.5361, 0.5301, 0.535, 0.5399, 0.5398, 0.5406, 0.5405, 0.5412, 0.5415, 0.5454, 0.5473, 0.5495, 0.5517, 0.5529, 0.5543, 0.5562, 0.5568, 0.5549, 0.5596, 0.5572, 0.5605, 0.5564, 0.5573, 0.5558, 0.56, 0.5624, 0.5636, 0.5617, 0.5628, 0.5626, 0.57, 0.5639, 0.5697, 0.5675, 0.566, 0.5686, 0.5633, 0.5666, 0.5606, 0.5662, 0.5692, 0.5667, 0.569, 0.5635, 0.5685, 0.571, 0.5657, 0.5675, 0.5687, 0.5677, 0.5696, 0.5672, 0.5709, 0.5722, 0.5712, 0.5702, 0.5663, 0.5663, 0.5709, 0.573, 0.5699, 0.5719, 0.5735, 0.5729, 0.5759, 0.574, 0.575, 0.5763, 0.5748, 0.5731, 0.5792, 0.5758, 0.5803, 0.5781, 0.5756, 0.5814, 0.5791, 0.5811, 0.5824, 0.5765, 0.5773, 0.5752, 0.5791, 0.5777, 0.5799, 0.5773, 0.5784, 0.5797, 0.5817, 0.5811, 0.5759, 0.577, 0.5785, 0.5786, 0.5819, 0.5753, 0.5766, 0.5784, 0.5767, 0.5745, 0.5775, 0.5762, 0.5765, 0.58, 0.5772, 0.5766, 0.5762, 0.5788, 0.58, 0.5798, 0.5835, 0.5807, 0.5773, 0.5763, 0.5781, 0.5755, 0.5779, 0.5708, 0.5783, 0.5783, 0.5784, 0.5792, 0.5759, 0.5749, 0.5707, 0.5778, 0.5803, 0.5779, 0.5774, 0.5749, 0.5732, 0.5733, 0.5767, 0.5768, 0.5794, 0.5755, 0.5771, 0.5803, 0.5764, 0.5783, 0.5821, 0.5794, 0.5761, 0.5781, 0.5784, 0.5815, 0.5813, 0.5733, 0.5801, 0.5744, 0.5741, 0.5712, 0.573]
./picture/KF_Grad结果/CNN_CIAFAR10_KF_Grad.pngACC:[0.2837, 0.3261, 0.3478, 0.3663, 0.3814, 0.3942, 0.4016, 0.4118, 0.4198, 0.4236, 0.4302, 0.439, 0.4448, 0.445, 0.4535, 0.4593, 0.4631, 0.4677, 0.4694, 0.4775, 0.4829, 0.4845, 0.4884, 0.4884, 0.4912, 0.4947, 0.4968, 0.501, 0.5021, 0.5017, 0.5081, 0.5099, 0.5102, 0.512, 0.5147, 0.5164, 0.5182, 0.5221, 0.5223, 0.5228, 0.5244, 0.5289, 0.5295, 0.5293, 0.5302, 0.5292, 0.5348, 0.535, 0.5379, 0.5324, 0.5363, 0.54, 0.5399, 0.5409, 0.5447, 0.5493, 0.5479, 0.5483, 0.5521, 0.5504, 0.5487, 0.5517, 0.5506, 0.5552, 0.5548, 0.5543, 0.5574, 0.5568, 0.5567, 0.5572, 0.5603, 0.5623, 0.5618, 0.5622, 0.564, 0.5653, 0.5633, 0.5688, 0.57, 0.5717, 0.5726, 0.573, 0.5718, 0.5728, 0.5729, 0.5798, 0.5785, 0.5794, 0.5803, 0.5812, 0.5834, 0.5825, 0.5838, 0.5835, 0.5803, 0.5833, 0.5888, 0.5866, 0.5887, 0.589, 0.5909, 0.5898, 0.5894, 0.5925, 0.592, 0.5915, 0.592, 0.5935, 0.5956, 0.5937, 0.598, 0.5941, 0.5964, 0.5981, 0.5979, 0.5989, 0.5965, 0.598, 0.5987, 0.6009, 0.5988, 0.5987, 0.6008, 0.5997, 0.6013, 0.6021, 0.6041, 0.6032, 0.6045, 0.602, 0.6048, 0.6057, 0.6048, 0.6065, 0.6057, 0.6076, 0.607, 0.6072, 0.6079, 0.6094, 0.6074, 0.6088, 0.6144, 0.6117, 0.6117, 0.6144, 0.6128, 0.6082, 0.6132, 0.6132, 0.6147, 0.6149, 0.6166, 0.6128, 0.6162, 0.6176, 0.6152, 0.6166, 0.6179, 0.6197, 0.6165, 0.6171, 0.6141, 0.6194, 0.6216, 0.6158, 0.6205, 0.6204, 0.6223, 0.6228, 0.6215, 0.6208, 0.6246, 0.6222, 0.6222, 0.6238, 0.6239, 0.6237, 0.6237, 0.6261, 0.6239, 0.6246, 0.6254, 0.6245, 0.6263, 0.6244, 0.6256, 0.6271, 0.6268, 0.6263, 0.627, 0.6286, 0.6262, 0.6289, 0.6292, 0.6291, 0.6286, 0.628, 0.6303, 0.631]
ACC_KF:[0.3013, 0.3546, 0.3725, 0.391, 0.4037, 0.4194, 0.428, 0.4325, 0.4442, 0.4528, 0.4612, 0.4679, 0.4729, 0.4743, 0.4831, 0.4933, 0.4936, 0.4983, 0.4946, 0.506, 0.5076, 0.5118, 0.5139, 0.5167, 0.5196, 0.5181, 0.5196, 0.524, 0.5256, 0.5254, 0.5323, 0.5314, 0.5372, 0.536, 0.5375, 0.5401, 0.5446, 0.5458, 0.5487, 0.5514, 0.5479, 0.5517, 0.5536, 0.5538, 0.5556, 0.5571, 0.558, 0.5597, 0.5602, 0.5611, 0.5654, 0.5668, 0.5689, 0.5693, 0.5717, 0.5736, 0.5724, 0.5755, 0.5754, 0.576, 0.5786, 0.5747, 0.5753, 0.5798, 0.5797, 0.583, 0.5825, 0.5793, 0.5789, 0.5847, 0.5868, 0.5854, 0.5848, 0.5859, 0.5877, 0.5941, 0.5892, 0.5948, 0.5938, 0.5968, 0.5996, 0.5985, 0.6, 0.5992, 0.6007, 0.6003, 0.601, 0.6034, 0.6036, 0.6037, 0.6051, 0.6063, 0.6079, 0.6098, 0.6067, 0.6077, 0.6098, 0.6106, 0.6153, 0.6135, 0.6145, 0.6139, 0.6138, 0.6149, 0.6164, 0.6106, 0.614, 0.614, 0.6156, 0.6132, 0.6184, 0.616, 0.6164, 0.6168, 0.6172, 0.618, 0.6178, 0.6203, 0.6166, 0.6202, 0.6208, 0.6199, 0.6197, 0.6202, 0.6206, 0.6201, 0.6257, 0.6232, 0.6237, 0.6255, 0.6272, 0.6295, 0.6295, 0.6268, 0.6277, 0.6285, 0.6262, 0.6289, 0.625, 0.6298, 0.6296, 0.6308, 0.6299, 0.6309, 0.6286, 0.6315, 0.6316, 0.6267, 0.6312, 0.6278, 0.6313, 0.6299, 0.6327, 0.6312, 0.6349, 0.6349, 0.632, 0.6353, 0.6364, 0.6356, 0.6359, 0.6346, 0.6378, 0.6362, 0.6386, 0.6374, 0.6364, 0.6366, 0.6382, 0.6379, 0.6383, 0.6358, 0.6382, 0.6381, 0.6367, 0.6383, 0.6404, 0.6381, 0.6379, 0.639, 0.6393, 0.6416, 0.6405, 0.6382, 0.644, 0.6414, 0.6391, 0.6418, 0.6407, 0.6382, 0.6433, 0.6435, 0.6431, 0.6425, 0.6439, 0.6431, 0.6428, 0.6442, 0.6434, 0.6432]
./picture/KF_Grad结果/LR_Epl_KF_Grad.pngACC:[0.605, 0.608, 0.611, 0.621, 0.629, 0.638, 0.641, 0.647, 0.655, 0.661, 0.669, 0.673, 0.679, 0.684, 0.686, 0.692, 0.698, 0.706, 0.711, 0.714, 0.717, 0.718, 0.721, 0.72, 0.725, 0.729, 0.731, 0.73, 0.733, 0.735, 0.737, 0.74, 0.743, 0.746, 0.749, 0.751, 0.752, 0.747, 0.748, 0.749, 0.748, 0.748, 0.747, 0.747, 0.748, 0.749, 0.754, 0.753, 0.755, 0.753, 0.753, 0.753, 0.755, 0.755, 0.755, 0.755, 0.755, 0.755, 0.757, 0.757, 0.757, 0.754, 0.754, 0.754, 0.755, 0.755, 0.755, 0.755, 0.758, 0.759, 0.76, 0.761, 0.762, 0.761, 0.761, 0.762, 0.762, 0.762, 0.763, 0.762, 0.763, 0.763, 0.762, 0.762, 0.762, 0.761, 0.761, 0.761, 0.761, 0.76, 0.76, 0.76, 0.759, 0.759, 0.759, 0.759, 0.759, 0.759, 0.759, 0.76]
ACC_KF:[0.608, 0.613, 0.625, 0.637, 0.645, 0.656, 0.665, 0.672, 0.682, 0.686, 0.696, 0.701, 0.712, 0.717, 0.72, 0.721, 0.729, 0.732, 0.732, 0.736, 0.739, 0.745, 0.748, 0.75, 0.749, 0.748, 0.748, 0.748, 0.745, 0.748, 0.75, 0.754, 0.754, 0.753, 0.756, 0.756, 0.756, 0.755, 0.754, 0.756, 0.755, 0.755, 0.755, 0.756, 0.755, 0.755, 0.758, 0.761, 0.762, 0.761, 0.762, 0.761, 0.762, 0.764, 0.764, 0.763, 0.762, 0.761, 0.76, 0.76, 0.76, 0.759, 0.759, 0.759, 0.759, 0.759, 0.76, 0.76, 0.758, 0.757, 0.757, 0.757, 0.757, 0.757, 0.757, 0.758, 0.757, 0.759, 0.758, 0.756, 0.756, 0.756, 0.756, 0.757, 0.756, 0.756, 0.755, 0.755, 0.755, 0.754, 0.754, 0.754, 0.754, 0.754, 0.754, 0.754, 0.754, 0.753, 0.753, 0.752]
./picture/KF_Grad结果/LR_Epl_KF_Grad.pngACC:[0.599, 0.604, 0.609, 0.609, 0.612, 0.613, 0.616, 0.622, 0.625, 0.627, 0.63, 0.637, 0.637, 0.642, 0.644, 0.647, 0.652, 0.655, 0.658, 0.662, 0.665, 0.664, 0.67, 0.672, 0.675, 0.68, 0.685, 0.684, 0.685, 0.686, 0.689, 0.692, 0.695, 0.697, 0.7, 0.705, 0.708, 0.712, 0.712, 0.712, 0.712, 0.715, 0.717, 0.718, 0.72, 0.72, 0.719, 0.72, 0.721, 0.725, 0.726, 0.73, 0.729, 0.731, 0.731, 0.731, 0.732, 0.733, 0.733, 0.735, 0.735, 0.736, 0.737, 0.741, 0.742, 0.743, 0.746, 0.746, 0.747, 0.749, 0.75, 0.751, 0.752, 0.752, 0.75, 0.749, 0.749, 0.748, 0.748, 0.748, 0.747, 0.747, 0.746, 0.747, 0.747, 0.747, 0.747, 0.748, 0.748, 0.75, 0.749, 0.75, 0.75, 0.751, 0.752, 0.752, 0.754, 0.752, 0.753, 0.755]
ACC_KF:[0.602, 0.608, 0.61, 0.612, 0.62, 0.625, 0.629, 0.635, 0.64, 0.643, 0.651, 0.655, 0.658, 0.663, 0.669, 0.671, 0.676, 0.684, 0.686, 0.686, 0.691, 0.696, 0.699, 0.706, 0.71, 0.712, 0.714, 0.718, 0.716, 0.72, 0.719, 0.72, 0.722, 0.726, 0.729, 0.732, 0.732, 0.732, 0.734, 0.736, 0.735, 0.739, 0.741, 0.742, 0.745, 0.747, 0.749, 0.751, 0.752, 0.751, 0.748, 0.747, 0.748, 0.748, 0.747, 0.748, 0.749, 0.749, 0.749, 0.748, 0.752, 0.75, 0.75, 0.753, 0.753, 0.752, 0.754, 0.756, 0.754, 0.756, 0.754, 0.755, 0.755, 0.756, 0.755, 0.755, 0.755, 0.756, 0.757, 0.757, 0.756, 0.755, 0.754, 0.754, 0.754, 0.755, 0.754, 0.755, 0.755, 0.756, 0.756, 0.757, 0.76, 0.76, 0.76, 0.761, 0.761, 0.761, 0.761, 0.762]
./picture/KF_Grad结果/LR_Epl_KF_Grad.pngACC:[0.605, 0.61, 0.614, 0.622, 0.629, 0.635, 0.643, 0.646, 0.655, 0.662, 0.666, 0.673, 0.679, 0.687, 0.689, 0.692, 0.698, 0.705, 0.711, 0.713, 0.717, 0.72, 0.722, 0.723, 0.727, 0.728, 0.732, 0.733, 0.732, 0.736, 0.737, 0.742, 0.742, 0.743, 0.748, 0.749, 0.75, 0.749, 0.747, 0.748, 0.747, 0.747, 0.75, 0.749, 0.75, 0.75, 0.75, 0.75, 0.748, 0.752, 0.753, 0.756, 0.756, 0.755, 0.756, 0.756, 0.756, 0.756, 0.757, 0.756, 0.756, 0.756, 0.755, 0.754, 0.756, 0.756, 0.756, 0.756, 0.758, 0.759, 0.759, 0.759, 0.759, 0.759, 0.758, 0.76, 0.76, 0.76, 0.76, 0.76, 0.76, 0.759, 0.759, 0.76, 0.76, 0.76, 0.76, 0.759, 0.759, 0.759, 0.759, 0.759, 0.76, 0.76, 0.76, 0.76, 0.761, 0.761, 0.761, 0.761]
ACC_KF:[0.606, 0.614, 0.625, 0.634, 0.642, 0.653, 0.663, 0.676, 0.683, 0.685, 0.696, 0.708, 0.712, 0.718, 0.721, 0.721, 0.73, 0.733, 0.731, 0.735, 0.741, 0.743, 0.746, 0.749, 0.75, 0.75, 0.749, 0.748, 0.752, 0.754, 0.756, 0.755, 0.757, 0.753, 0.754, 0.757, 0.755, 0.756, 0.757, 0.757, 0.756, 0.756, 0.754, 0.755, 0.755, 0.757, 0.758, 0.759, 0.76, 0.76, 0.762, 0.763, 0.761, 0.761, 0.761, 0.761, 0.76, 0.761, 0.76, 0.76, 0.76, 0.76, 0.76, 0.759, 0.76, 0.761, 0.761, 0.761, 0.759, 0.759, 0.758, 0.758, 0.758, 0.757, 0.756, 0.755, 0.755, 0.754, 0.755, 0.755, 0.756, 0.756, 0.755, 0.756, 0.756, 0.756, 0.755, 0.756, 0.755, 0.755, 0.754, 0.754, 0.755, 0.755, 0.754, 0.755, 0.756, 0.755, 0.754, 0.754]
./picture/KF_Grad结果/LR_Epl_KF_Grad.pngACC:[0.605, 0.61, 0.614, 0.622, 0.629, 0.635, 0.643, 0.646, 0.655, 0.662, 0.666, 0.673, 0.679, 0.687, 0.689, 0.692, 0.698, 0.705, 0.711, 0.713, 0.717, 0.72, 0.722, 0.723, 0.727, 0.728, 0.732, 0.733, 0.732, 0.736, 0.737, 0.742, 0.742, 0.743, 0.748, 0.749, 0.75, 0.749, 0.747, 0.748, 0.747, 0.747, 0.75, 0.749, 0.75, 0.75, 0.75, 0.75, 0.748, 0.752, 0.753, 0.756, 0.756, 0.755, 0.756, 0.756, 0.756, 0.756, 0.757, 0.756, 0.756, 0.756, 0.755, 0.754, 0.756, 0.756, 0.756, 0.756, 0.758, 0.759, 0.759, 0.759, 0.759, 0.759, 0.758, 0.76, 0.76, 0.76, 0.76, 0.76, 0.76, 0.759, 0.759, 0.76, 0.76, 0.76, 0.76, 0.759, 0.759, 0.759, 0.759, 0.759, 0.76, 0.76, 0.76, 0.76, 0.761, 0.761, 0.761, 0.761, 0.761, 0.761, 0.761, 0.761, 0.761, 0.759, 0.759, 0.759, 0.759, 0.758, 0.758, 0.758, 0.757, 0.757, 0.757, 0.758, 0.758, 0.758, 0.758, 0.758, 0.758, 0.758, 0.758, 0.756, 0.756, 0.757, 0.756, 0.756, 0.756, 0.755, 0.755, 0.754, 0.756, 0.754, 0.755, 0.755, 0.755, 0.754, 0.754, 0.754, 0.754, 0.754, 0.754, 0.754, 0.753, 0.753, 0.753, 0.753, 0.753, 0.753, 0.753, 0.753, 0.753, 0.753, 0.753, 0.753, 0.753, 0.753, 0.753, 0.753, 0.753, 0.754, 0.753, 0.754, 0.753, 0.753, 0.753, 0.753, 0.753, 0.753, 0.753, 0.753, 0.753, 0.753, 0.753, 0.753, 0.752, 0.752, 0.752, 0.752, 0.753, 0.753, 0.753, 0.753, 0.753, 0.752, 0.752, 0.752, 0.752, 0.753, 0.753, 0.753, 0.753, 0.753, 0.752, 0.751, 0.751, 0.75, 0.75, 0.75]
ACC_KF:[0.606, 0.614, 0.625, 0.634, 0.642, 0.653, 0.663, 0.676, 0.683, 0.685, 0.696, 0.708, 0.712, 0.718, 0.721, 0.721, 0.73, 0.733, 0.731, 0.735, 0.741, 0.743, 0.746, 0.749, 0.75, 0.75, 0.749, 0.748, 0.752, 0.754, 0.756, 0.755, 0.757, 0.753, 0.754, 0.757, 0.755, 0.756, 0.757, 0.757, 0.756, 0.756, 0.754, 0.755, 0.755, 0.757, 0.758, 0.759, 0.76, 0.76, 0.762, 0.763, 0.761, 0.761, 0.761, 0.761, 0.76, 0.761, 0.76, 0.76, 0.76, 0.76, 0.76, 0.759, 0.76, 0.761, 0.761, 0.761, 0.759, 0.759, 0.758, 0.758, 0.758, 0.757, 0.756, 0.755, 0.755, 0.754, 0.755, 0.755, 0.756, 0.756, 0.755, 0.756, 0.756, 0.756, 0.755, 0.756, 0.755, 0.755, 0.754, 0.754, 0.755, 0.755, 0.754, 0.755, 0.756, 0.755, 0.754, 0.754, 0.754, 0.754, 0.753, 0.752, 0.753, 0.752, 0.752, 0.752, 0.752, 0.752, 0.753, 0.754, 0.753, 0.752, 0.752, 0.752, 0.752, 0.752, 0.753, 0.753, 0.753, 0.753, 0.753, 0.752, 0.752, 0.753, 0.752, 0.753, 0.753, 0.753, 0.753, 0.753, 0.753, 0.753, 0.753, 0.753, 0.753, 0.754, 0.754, 0.754, 0.754, 0.754, 0.754, 0.754, 0.754, 0.753, 0.754, 0.754, 0.753, 0.753, 0.752, 0.753, 0.751, 0.751, 0.752, 0.753, 0.752, 0.753, 0.753, 0.754, 0.752, 0.752, 0.753, 0.751, 0.751, 0.752, 0.752, 0.752, 0.753, 0.753, 0.752, 0.752, 0.752, 0.752, 0.753, 0.752, 0.752, 0.751, 0.751, 0.751, 0.75, 0.751, 0.752, 0.753, 0.753, 0.752, 0.752, 0.752, 0.751, 0.751, 0.751, 0.751, 0.751, 0.751, 0.751, 0.75, 0.75, 0.75, 0.751, 0.752]
./picture/KF_Grad结果/LR_Epl_KF_Grad.pngACC:[0.605, 0.61, 0.614, 0.622, 0.629, 0.635, 0.643, 0.646, 0.655, 0.662, 0.666, 0.673, 0.679, 0.687, 0.689, 0.692, 0.698, 0.705, 0.711, 0.713, 0.717, 0.72, 0.722, 0.723, 0.727, 0.728, 0.732, 0.733, 0.732, 0.736, 0.737, 0.742, 0.742, 0.743, 0.748, 0.749, 0.75, 0.749, 0.747, 0.748, 0.747, 0.747, 0.75, 0.749, 0.75, 0.75, 0.75, 0.75, 0.748, 0.752, 0.753, 0.756, 0.756, 0.755, 0.756, 0.756, 0.756, 0.756, 0.757, 0.756, 0.756, 0.756, 0.755, 0.754, 0.756, 0.756, 0.756, 0.756, 0.758, 0.759, 0.759, 0.759, 0.759, 0.759, 0.758, 0.76, 0.76, 0.76, 0.76, 0.76, 0.76, 0.759, 0.759, 0.76, 0.76, 0.76, 0.76, 0.759, 0.759, 0.759, 0.759, 0.759, 0.76, 0.76, 0.76, 0.76, 0.761, 0.761, 0.761, 0.761, 0.761, 0.761, 0.761, 0.761, 0.761, 0.759, 0.759, 0.759, 0.759, 0.758, 0.758, 0.758, 0.757, 0.757, 0.757, 0.758, 0.758, 0.758, 0.758, 0.758, 0.758, 0.758, 0.758, 0.756, 0.756, 0.757, 0.756, 0.756, 0.756, 0.755, 0.755, 0.754, 0.756, 0.754, 0.755, 0.755, 0.755, 0.754, 0.754, 0.754, 0.754, 0.754, 0.754, 0.754, 0.753, 0.753, 0.753, 0.753, 0.753, 0.753, 0.753, 0.753, 0.753, 0.753, 0.753, 0.753, 0.753, 0.753, 0.753, 0.753, 0.753, 0.754, 0.753, 0.754, 0.753, 0.753, 0.753, 0.753, 0.753, 0.753, 0.753, 0.753, 0.753, 0.753, 0.753, 0.753, 0.752, 0.752, 0.752, 0.752, 0.753, 0.753, 0.753, 0.753, 0.753, 0.752, 0.752, 0.752, 0.752, 0.753, 0.753, 0.753, 0.753, 0.753, 0.752, 0.751, 0.751, 0.75, 0.75, 0.75]
ACC_KF:[0.606, 0.614, 0.625, 0.634, 0.642, 0.653, 0.663, 0.676, 0.683, 0.685, 0.696, 0.708, 0.712, 0.718, 0.721, 0.721, 0.73, 0.733, 0.731, 0.735, 0.741, 0.743, 0.746, 0.749, 0.75, 0.75, 0.749, 0.748, 0.752, 0.754, 0.756, 0.755, 0.757, 0.753, 0.754, 0.757, 0.755, 0.756, 0.757, 0.757, 0.756, 0.756, 0.754, 0.755, 0.755, 0.757, 0.758, 0.759, 0.76, 0.76, 0.762, 0.763, 0.761, 0.761, 0.761, 0.761, 0.76, 0.761, 0.76, 0.76, 0.76, 0.76, 0.76, 0.759, 0.76, 0.761, 0.761, 0.761, 0.759, 0.759, 0.758, 0.758, 0.758, 0.757, 0.756, 0.755, 0.755, 0.754, 0.755, 0.755, 0.756, 0.756, 0.755, 0.756, 0.756, 0.756, 0.755, 0.756, 0.755, 0.755, 0.754, 0.754, 0.755, 0.755, 0.754, 0.755, 0.756, 0.755, 0.754, 0.754, 0.754, 0.754, 0.753, 0.752, 0.753, 0.752, 0.752, 0.752, 0.752, 0.752, 0.753, 0.754, 0.753, 0.752, 0.752, 0.752, 0.752, 0.752, 0.753, 0.753, 0.753, 0.753, 0.753, 0.752, 0.752, 0.753, 0.752, 0.753, 0.753, 0.753, 0.753, 0.753, 0.753, 0.753, 0.753, 0.753, 0.753, 0.754, 0.754, 0.754, 0.754, 0.754, 0.754, 0.754, 0.754, 0.753, 0.754, 0.754, 0.753, 0.753, 0.752, 0.753, 0.751, 0.751, 0.752, 0.753, 0.752, 0.753, 0.753, 0.754, 0.752, 0.752, 0.753, 0.751, 0.751, 0.752, 0.752, 0.752, 0.753, 0.753, 0.752, 0.752, 0.752, 0.752, 0.753, 0.752, 0.752, 0.751, 0.751, 0.751, 0.75, 0.751, 0.752, 0.753, 0.753, 0.752, 0.752, 0.752, 0.751, 0.751, 0.751, 0.751, 0.751, 0.751, 0.751, 0.75, 0.75, 0.75, 0.751, 0.752]
./picture/KF_Grad结果/LR_Epl_KF_Grad.pngACC:[0.605, 0.61, 0.614, 0.622, 0.629, 0.635, 0.643, 0.646, 0.655, 0.662, 0.666, 0.673, 0.679, 0.687, 0.689, 0.692, 0.698, 0.705, 0.711, 0.713, 0.717, 0.72, 0.722, 0.723, 0.727, 0.728, 0.732, 0.733, 0.732, 0.736, 0.737, 0.742, 0.742, 0.743, 0.748, 0.749, 0.75, 0.749, 0.747, 0.748, 0.747, 0.747, 0.75, 0.749, 0.75, 0.75, 0.75, 0.75, 0.748, 0.752, 0.753, 0.756, 0.756, 0.755, 0.756, 0.756, 0.756, 0.756, 0.757, 0.756, 0.756, 0.756, 0.755, 0.754, 0.756, 0.756, 0.756, 0.756, 0.758, 0.759, 0.759, 0.759, 0.759, 0.759, 0.758, 0.76, 0.76, 0.76, 0.76, 0.76, 0.76, 0.759, 0.759, 0.76, 0.76, 0.76, 0.76, 0.759, 0.759, 0.759, 0.759, 0.759, 0.76, 0.76, 0.76, 0.76, 0.761, 0.761, 0.761, 0.761]
ACC_KF:[0.606, 0.611, 0.621, 0.629, 0.633, 0.642, 0.652, 0.658, 0.665, 0.674, 0.683, 0.684, 0.69, 0.697, 0.706, 0.711, 0.716, 0.717, 0.722, 0.722, 0.726, 0.731, 0.731, 0.732, 0.736, 0.739, 0.742, 0.744, 0.746, 0.747, 0.748, 0.748, 0.747, 0.747, 0.749, 0.75, 0.748, 0.752, 0.752, 0.752, 0.751, 0.751, 0.755, 0.758, 0.756, 0.756, 0.756, 0.757, 0.758, 0.756, 0.757, 0.756, 0.756, 0.756, 0.756, 0.756, 0.756, 0.758, 0.757, 0.758, 0.759, 0.759, 0.76, 0.76, 0.761, 0.76, 0.76, 0.76, 0.76, 0.76, 0.76, 0.76, 0.76, 0.759, 0.759, 0.759, 0.76, 0.76, 0.76, 0.761, 0.761, 0.761, 0.761, 0.761, 0.761, 0.761, 0.761, 0.759, 0.758, 0.757, 0.757, 0.758, 0.758, 0.757, 0.757, 0.757, 0.755, 0.756, 0.755, 0.755]
./picture/KF_Grad结果/LR_Epl_KF_Grad.pngACC:[0.605, 0.61, 0.614, 0.622, 0.629, 0.635, 0.643, 0.646, 0.655, 0.662, 0.666, 0.673, 0.679, 0.687, 0.689, 0.692, 0.698, 0.705, 0.711, 0.713, 0.717, 0.72, 0.722, 0.723, 0.727, 0.728, 0.732, 0.733, 0.732, 0.736, 0.737, 0.742, 0.742, 0.743, 0.748, 0.749, 0.75, 0.749, 0.747, 0.748, 0.747, 0.747, 0.75, 0.749, 0.75, 0.75, 0.75, 0.75, 0.748, 0.752, 0.753, 0.756, 0.756, 0.755, 0.756, 0.756, 0.756, 0.756, 0.757, 0.756, 0.756, 0.756, 0.755, 0.754, 0.756, 0.756, 0.756, 0.756, 0.758, 0.759, 0.759, 0.759, 0.759, 0.759, 0.758, 0.76, 0.76, 0.76, 0.76, 0.76, 0.76, 0.759, 0.759, 0.76, 0.76, 0.76, 0.76, 0.759, 0.759, 0.759, 0.759, 0.759, 0.76, 0.76, 0.76, 0.76, 0.761, 0.761, 0.761, 0.761]
ACC_KF:[0.606, 0.611, 0.621, 0.629, 0.634, 0.642, 0.652, 0.658, 0.665, 0.674, 0.683, 0.684, 0.69, 0.698, 0.706, 0.711, 0.716, 0.717, 0.722, 0.722, 0.726, 0.731, 0.731, 0.732, 0.736, 0.738, 0.743, 0.744, 0.746, 0.747, 0.748, 0.749, 0.747, 0.747, 0.749, 0.75, 0.748, 0.752, 0.752, 0.752, 0.751, 0.751, 0.755, 0.758, 0.756, 0.756, 0.756, 0.757, 0.758, 0.756, 0.757, 0.756, 0.756, 0.756, 0.756, 0.756, 0.756, 0.757, 0.757, 0.758, 0.759, 0.759, 0.76, 0.76, 0.761, 0.76, 0.76, 0.76, 0.76, 0.76, 0.76, 0.76, 0.76, 0.759, 0.759, 0.759, 0.76, 0.76, 0.76, 0.761, 0.761, 0.761, 0.761, 0.761, 0.761, 0.761, 0.761, 0.759, 0.758, 0.757, 0.757, 0.758, 0.758, 0.757, 0.757, 0.757, 0.755, 0.756, 0.755, 0.755]
./picture/KF_Grad结果/LR_Epl_KF_Grad.pngACC:[0.605, 0.61, 0.614, 0.622, 0.629, 0.635, 0.643, 0.646, 0.655, 0.662, 0.666, 0.673, 0.679, 0.687, 0.689, 0.692, 0.698, 0.705, 0.711, 0.713, 0.717, 0.72, 0.722, 0.723, 0.727, 0.728, 0.732, 0.733, 0.732, 0.736, 0.737, 0.742, 0.742, 0.743, 0.748, 0.749, 0.75, 0.749, 0.747, 0.748, 0.747, 0.747, 0.75, 0.749, 0.75, 0.75, 0.75, 0.75, 0.748, 0.752, 0.753, 0.756, 0.756, 0.755, 0.756, 0.756, 0.756, 0.756, 0.757, 0.756, 0.756, 0.756, 0.755, 0.754, 0.756, 0.756, 0.756, 0.756, 0.758, 0.759, 0.759, 0.759, 0.759, 0.759, 0.758, 0.76, 0.76, 0.76, 0.76, 0.76, 0.76, 0.759, 0.759, 0.76, 0.76, 0.76, 0.76, 0.759, 0.759, 0.759, 0.759, 0.759, 0.76, 0.76, 0.76, 0.76, 0.761, 0.761, 0.761, 0.761]
ACC_KF:[0.606, 0.611, 0.621, 0.629, 0.633, 0.642, 0.652, 0.658, 0.665, 0.674, 0.683, 0.684, 0.69, 0.697, 0.706, 0.711, 0.716, 0.717, 0.722, 0.722, 0.726, 0.731, 0.731, 0.732, 0.736, 0.738, 0.743, 0.744, 0.746, 0.747, 0.748, 0.748, 0.747, 0.747, 0.749, 0.75, 0.748, 0.752, 0.752, 0.752, 0.751, 0.751, 0.755, 0.758, 0.756, 0.756, 0.756, 0.757, 0.758, 0.756, 0.757, 0.756, 0.756, 0.756, 0.756, 0.756, 0.756, 0.757, 0.757, 0.758, 0.759, 0.759, 0.76, 0.76, 0.761, 0.76, 0.76, 0.76, 0.76, 0.76, 0.76, 0.76, 0.76, 0.759, 0.759, 0.759, 0.76, 0.76, 0.76, 0.761, 0.761, 0.761, 0.761, 0.761, 0.761, 0.761, 0.761, 0.759, 0.758, 0.757, 0.757, 0.758, 0.758, 0.757, 0.757, 0.757, 0.755, 0.756, 0.755, 0.755]
./picture/KF_Grad结果/LR_Epl_KF_Grad.pngACC:[0.605, 0.61, 0.614, 0.622, 0.629, 0.635, 0.643, 0.646, 0.655, 0.662, 0.666, 0.673, 0.679, 0.687, 0.689, 0.692, 0.698, 0.705, 0.711, 0.713, 0.717, 0.72, 0.722, 0.723, 0.727, 0.728, 0.732, 0.733, 0.732, 0.736, 0.737, 0.742, 0.742, 0.743, 0.748, 0.749, 0.75, 0.749, 0.747, 0.748, 0.747, 0.747, 0.75, 0.749, 0.75, 0.75, 0.75, 0.75, 0.748, 0.752, 0.753, 0.756, 0.756, 0.755, 0.756, 0.756, 0.756, 0.756, 0.757, 0.756, 0.756, 0.756, 0.755, 0.754, 0.756, 0.756, 0.756, 0.756, 0.758, 0.759, 0.759, 0.759, 0.759, 0.759, 0.758, 0.76, 0.76, 0.76, 0.76, 0.76, 0.76, 0.759, 0.759, 0.76, 0.76, 0.76, 0.76, 0.759, 0.759, 0.759, 0.759, 0.759, 0.76, 0.76, 0.76, 0.76, 0.761, 0.761, 0.761, 0.761]
ACC_KF:[0.606, 0.611, 0.616, 0.624, 0.628, 0.638, 0.644, 0.653, 0.661, 0.665, 0.675, 0.683, 0.684, 0.689, 0.695, 0.703, 0.71, 0.713, 0.715, 0.72, 0.72, 0.723, 0.725, 0.73, 0.732, 0.733, 0.735, 0.736, 0.742, 0.742, 0.744, 0.747, 0.749, 0.747, 0.749, 0.748, 0.747, 0.746, 0.748, 0.747, 0.75, 0.751, 0.752, 0.75, 0.75, 0.752, 0.755, 0.757, 0.757, 0.757, 0.756, 0.756, 0.758, 0.758, 0.757, 0.756, 0.755, 0.755, 0.757, 0.757, 0.756, 0.757, 0.757, 0.757, 0.759, 0.759, 0.76, 0.759, 0.761, 0.761, 0.76, 0.76, 0.76, 0.76, 0.759, 0.76, 0.76, 0.76, 0.76, 0.76, 0.759, 0.759, 0.759, 0.759, 0.76, 0.76, 0.76, 0.761, 0.761, 0.761, 0.761, 0.761, 0.76, 0.759, 0.759, 0.759, 0.759, 0.759, 0.759, 0.759]
./picture/KF_Grad结果/LR_Epl_KF_Grad.pngACC:[0.603, 0.609, 0.61, 0.617, 0.62, 0.63, 0.629, 0.635, 0.642, 0.646, 0.653, 0.658, 0.665, 0.668, 0.674, 0.679, 0.685, 0.684, 0.688, 0.691, 0.697, 0.702, 0.702, 0.711, 0.713, 0.716, 0.718, 0.721, 0.723, 0.724, 0.723, 0.727, 0.729, 0.732, 0.733, 0.732, 0.734, 0.736, 0.738, 0.742, 0.743, 0.746, 0.746, 0.748, 0.749, 0.75, 0.75, 0.749, 0.75, 0.748, 0.747, 0.747, 0.748, 0.746, 0.747, 0.749, 0.752, 0.752, 0.752, 0.755, 0.753, 0.753, 0.755, 0.757, 0.757, 0.757, 0.758, 0.757, 0.756, 0.756, 0.756, 0.756, 0.758, 0.757, 0.755, 0.756, 0.755, 0.755, 0.755, 0.755, 0.755, 0.756, 0.756, 0.757, 0.757, 0.756, 0.758, 0.759, 0.759, 0.759, 0.759, 0.759, 0.759, 0.758, 0.76, 0.761, 0.762, 0.76, 0.76, 0.761]
ACC_KF:[0.604, 0.609, 0.612, 0.62, 0.624, 0.629, 0.636, 0.642, 0.646, 0.656, 0.658, 0.664, 0.671, 0.675, 0.684, 0.686, 0.688, 0.691, 0.696, 0.701, 0.706, 0.713, 0.714, 0.716, 0.72, 0.723, 0.723, 0.726, 0.726, 0.729, 0.733, 0.733, 0.734, 0.735, 0.738, 0.74, 0.743, 0.746, 0.746, 0.747, 0.75, 0.751, 0.749, 0.748, 0.749, 0.747, 0.746, 0.748, 0.747, 0.748, 0.75, 0.75, 0.751, 0.75, 0.75, 0.752, 0.754, 0.755, 0.755, 0.755, 0.756, 0.755, 0.756, 0.756, 0.756, 0.757, 0.758, 0.756, 0.755, 0.756, 0.755, 0.755, 0.755, 0.756, 0.756, 0.756, 0.756, 0.756, 0.758, 0.759, 0.759, 0.759, 0.759, 0.758, 0.758, 0.759, 0.76, 0.76, 0.761, 0.761, 0.76, 0.76, 0.76, 0.76, 0.76, 0.761, 0.759, 0.759, 0.759, 0.759]
./picture/KF_Grad结果/LR_Epl_KF_Grad.pngACC:[0.602, 0.606, 0.611, 0.611, 0.614, 0.62, 0.623, 0.629, 0.629, 0.635, 0.639, 0.642, 0.645, 0.651, 0.653, 0.658, 0.662, 0.665, 0.668, 0.671, 0.678, 0.681, 0.684, 0.686, 0.686, 0.69, 0.693, 0.699, 0.699, 0.703, 0.707, 0.711, 0.713, 0.714, 0.717, 0.717, 0.72, 0.721, 0.721, 0.721, 0.722, 0.724, 0.727, 0.731, 0.733, 0.734, 0.734, 0.733, 0.734, 0.737, 0.738, 0.738, 0.742, 0.742, 0.745, 0.746, 0.746, 0.748, 0.748, 0.749, 0.752, 0.751, 0.752, 0.749, 0.748, 0.75, 0.749, 0.748, 0.748, 0.748, 0.748, 0.749, 0.748, 0.748, 0.749, 0.75, 0.751, 0.752, 0.753, 0.752, 0.751, 0.755, 0.755, 0.757, 0.757, 0.756, 0.755, 0.758, 0.758, 0.758, 0.758, 0.758, 0.756, 0.756, 0.756, 0.756, 0.756, 0.758, 0.758, 0.758]
ACC_KF:[0.602, 0.607, 0.611, 0.613, 0.617, 0.621, 0.629, 0.63, 0.632, 0.638, 0.641, 0.647, 0.652, 0.655, 0.661, 0.666, 0.669, 0.67, 0.677, 0.681, 0.684, 0.683, 0.687, 0.691, 0.696, 0.699, 0.703, 0.705, 0.713, 0.713, 0.714, 0.717, 0.719, 0.721, 0.721, 0.721, 0.722, 0.724, 0.726, 0.729, 0.732, 0.734, 0.734, 0.733, 0.734, 0.737, 0.736, 0.741, 0.742, 0.742, 0.745, 0.745, 0.748, 0.749, 0.75, 0.75, 0.751, 0.752, 0.749, 0.749, 0.747, 0.745, 0.746, 0.747, 0.747, 0.748, 0.747, 0.748, 0.751, 0.751, 0.751, 0.752, 0.753, 0.753, 0.755, 0.755, 0.756, 0.756, 0.756, 0.756, 0.756, 0.757, 0.757, 0.757, 0.757, 0.757, 0.757, 0.757, 0.758, 0.759, 0.758, 0.756, 0.755, 0.756, 0.757, 0.756, 0.756, 0.754, 0.754, 0.755]
./picture/KF_Grad结果/LR_Epl_KF_Grad.pngACC:[0.599, 0.603, 0.606, 0.609, 0.609, 0.612, 0.614, 0.617, 0.623, 0.621, 0.626, 0.63, 0.63, 0.63, 0.635, 0.635, 0.64, 0.644, 0.641, 0.645, 0.651, 0.654, 0.655, 0.656, 0.661, 0.662, 0.664, 0.663, 0.669, 0.671, 0.675, 0.677, 0.683, 0.684, 0.684, 0.685, 0.686, 0.688, 0.691, 0.694, 0.696, 0.698, 0.699, 0.701, 0.703, 0.705, 0.711, 0.711, 0.711, 0.713, 0.713, 0.713, 0.715, 0.716, 0.716, 0.718, 0.719, 0.72, 0.718, 0.719, 0.72, 0.725, 0.728, 0.727, 0.73, 0.731, 0.732, 0.732, 0.733, 0.732, 0.733, 0.733, 0.734, 0.734, 0.736, 0.736, 0.737, 0.738, 0.741, 0.741, 0.741, 0.742, 0.743, 0.745, 0.746, 0.747, 0.748, 0.748, 0.749, 0.749, 0.75, 0.75, 0.75, 0.751, 0.75, 0.75, 0.749, 0.749, 0.748, 0.748]
ACC_KF:[0.599, 0.606, 0.608, 0.611, 0.611, 0.614, 0.618, 0.622, 0.626, 0.63, 0.63, 0.632, 0.638, 0.64, 0.642, 0.642, 0.649, 0.655, 0.655, 0.656, 0.661, 0.665, 0.665, 0.67, 0.672, 0.676, 0.68, 0.683, 0.684, 0.682, 0.686, 0.688, 0.692, 0.696, 0.699, 0.699, 0.704, 0.703, 0.709, 0.712, 0.711, 0.713, 0.714, 0.714, 0.715, 0.717, 0.718, 0.72, 0.719, 0.721, 0.721, 0.724, 0.726, 0.729, 0.731, 0.732, 0.731, 0.732, 0.733, 0.733, 0.734, 0.734, 0.735, 0.737, 0.738, 0.741, 0.742, 0.742, 0.746, 0.746, 0.746, 0.747, 0.747, 0.748, 0.748, 0.751, 0.75, 0.751, 0.751, 0.749, 0.749, 0.75, 0.751, 0.75, 0.75, 0.748, 0.747, 0.747, 0.746, 0.747, 0.748, 0.749, 0.748, 0.749, 0.749, 0.75, 0.749, 0.75, 0.75, 0.752]
./picture/KF_Grad结果/LR_Epl_KF_Grad.pngACC:[0.599, 0.603, 0.606, 0.609, 0.609, 0.612, 0.614, 0.617, 0.623, 0.621, 0.626, 0.63, 0.63, 0.63, 0.635, 0.635, 0.64, 0.644, 0.641, 0.645, 0.651, 0.654, 0.655, 0.656, 0.661, 0.662, 0.664, 0.663, 0.669, 0.671, 0.675, 0.677, 0.683, 0.684, 0.684, 0.685, 0.686, 0.688, 0.691, 0.694, 0.696, 0.698, 0.699, 0.701, 0.703, 0.705, 0.711, 0.711, 0.711, 0.713]
ACC_KF:[0.601, 0.605, 0.611, 0.611, 0.614, 0.62, 0.623, 0.629, 0.629, 0.635, 0.639, 0.642, 0.645, 0.65, 0.653, 0.658, 0.662, 0.665, 0.668, 0.671, 0.678, 0.681, 0.684, 0.685, 0.686, 0.69, 0.693, 0.699, 0.699, 0.703, 0.707, 0.711, 0.713, 0.714, 0.717, 0.717, 0.72, 0.721, 0.721, 0.721, 0.722, 0.724, 0.727, 0.731, 0.733, 0.734, 0.734, 0.733, 0.734, 0.737]
./picture/KF_Grad结果/LR_Epl_KF_Grad.pngACC:[0.605, 0.61, 0.614, 0.622, 0.629, 0.635, 0.643, 0.646, 0.655, 0.662, 0.666, 0.673, 0.679, 0.687, 0.689, 0.692, 0.698, 0.705, 0.711, 0.713, 0.717, 0.72, 0.722, 0.723, 0.727, 0.728, 0.732, 0.733, 0.732, 0.736, 0.737, 0.742, 0.742, 0.743, 0.748, 0.749, 0.75, 0.749, 0.747, 0.748, 0.747, 0.747, 0.75, 0.749, 0.75, 0.75, 0.75, 0.75, 0.748, 0.752]
ACC_KF:[0.606, 0.614, 0.625, 0.634, 0.642, 0.653, 0.663, 0.676, 0.683, 0.685, 0.696, 0.708, 0.712, 0.718, 0.721, 0.721, 0.73, 0.733, 0.731, 0.735, 0.741, 0.743, 0.746, 0.749, 0.75, 0.75, 0.749, 0.748, 0.752, 0.754, 0.756, 0.755, 0.757, 0.753, 0.754, 0.757, 0.755, 0.756, 0.757, 0.757, 0.756, 0.756, 0.754, 0.755, 0.755, 0.757, 0.758, 0.759, 0.76, 0.76]
./picture/KF_Grad结果/LR_Epl_KF_Grad.pngACC:[0.605, 0.61, 0.614, 0.622, 0.629, 0.635, 0.643, 0.646, 0.655, 0.662, 0.666, 0.673, 0.679, 0.687, 0.689, 0.692, 0.698, 0.705, 0.711, 0.713, 0.717, 0.72, 0.722, 0.723, 0.727, 0.728, 0.732, 0.733, 0.732, 0.736, 0.737, 0.742, 0.742, 0.743, 0.748, 0.749, 0.75, 0.749, 0.747, 0.748, 0.747, 0.747, 0.75, 0.749, 0.75, 0.75, 0.75, 0.75, 0.748, 0.752]
ACC_KF:[0.606, 0.611, 0.621, 0.629, 0.633, 0.642, 0.652, 0.658, 0.665, 0.674, 0.683, 0.684, 0.69, 0.697, 0.706, 0.711, 0.716, 0.717, 0.722, 0.722, 0.726, 0.731, 0.731, 0.732, 0.736, 0.739, 0.742, 0.744, 0.746, 0.747, 0.748, 0.748, 0.747, 0.747, 0.749, 0.75, 0.748, 0.752, 0.752, 0.752, 0.751, 0.751, 0.755, 0.758, 0.756, 0.756, 0.756, 0.757, 0.758, 0.756]
./picture/KF_Grad结果/MLP_MINIST_KF_Grad.pngACC:[0.722, 0.7929, 0.8299, 0.8496, 0.8628, 0.8721, 0.8779, 0.8833, 0.8861, 0.8912, 0.8945, 0.8971, 0.8994, 0.9011, 0.9028, 0.9049, 0.9056, 0.9063, 0.9089, 0.9096, 0.911, 0.9119, 0.9133, 0.9142, 0.9153, 0.9165, 0.9172, 0.9181, 0.9185, 0.9193, 0.9204, 0.9207, 0.9211, 0.9215, 0.9225, 0.9235, 0.9244, 0.9244, 0.9245, 0.9249, 0.9255, 0.9261, 0.9263, 0.9269, 0.9278, 0.9283, 0.9287, 0.9287, 0.9297, 0.9303, 0.9308, 0.9311, 0.9314, 0.9321, 0.9321, 0.9326, 0.9335, 0.9329, 0.9342, 0.9351, 0.9352, 0.9352, 0.9358, 0.936, 0.9363, 0.9366, 0.9375, 0.9377, 0.9379, 0.9382, 0.9383, 0.9388, 0.9391, 0.9395, 0.9405, 0.9402, 0.9407, 0.941, 0.9416, 0.9418, 0.9423, 0.9425, 0.9432, 0.9429, 0.9433, 0.944, 0.9442, 0.9441, 0.9444, 0.9445, 0.9451, 0.9454, 0.9452, 0.9455, 0.9456, 0.946, 0.9466, 0.9465, 0.9469, 0.9471]
ACC_KF:[0.7647, 0.829, 0.8577, 0.8724, 0.8801, 0.8867, 0.8928, 0.8968, 0.9004, 0.9041, 0.9065, 0.9074, 0.9093, 0.9103, 0.9115, 0.9145, 0.9157, 0.9165, 0.9175, 0.9192, 0.92, 0.9207, 0.9222, 0.9233, 0.9243, 0.9246, 0.9261, 0.9267, 0.9271, 0.9276, 0.9289, 0.929, 0.9297, 0.9309, 0.9318, 0.9317, 0.9331, 0.9326, 0.9336, 0.9348, 0.9346, 0.9358, 0.9354, 0.9354, 0.9364, 0.9369, 0.938, 0.9379, 0.939, 0.9396, 0.9407, 0.9412, 0.9418, 0.9424, 0.9421, 0.943, 0.9431, 0.9437, 0.9438, 0.9449, 0.9449, 0.9456, 0.9462, 0.946, 0.9461, 0.9471, 0.947, 0.9475, 0.948, 0.9482, 0.9485, 0.949, 0.9489, 0.9495, 0.9498, 0.9497, 0.9506, 0.9509, 0.951, 0.9513, 0.9519, 0.9522, 0.9522, 0.9528, 0.9526, 0.9533, 0.9539, 0.9531, 0.9543, 0.9543, 0.9546, 0.9546, 0.9552, 0.9552, 0.9553, 0.956, 0.9553, 0.9561, 0.9564, 0.9569]
./picture/KF_Grad结果/CNN_MINIST_KF_Grad.pngACC:[0.7142, 0.8167, 0.8491, 0.8681, 0.8792, 0.8901, 0.8986, 0.904, 0.9079, 0.9112, 0.914, 0.9177, 0.9187, 0.9208, 0.9239, 0.9274, 0.9296, 0.9308, 0.932, 0.9347, 0.9354, 0.9364, 0.9384, 0.9399, 0.9408, 0.9415, 0.9434, 0.9444, 0.9465, 0.9468, 0.948, 0.9484, 0.9488, 0.9505, 0.9512, 0.952, 0.952, 0.9535, 0.9543, 0.9549, 0.9547, 0.9565, 0.956, 0.9568, 0.9573, 0.9578, 0.9587, 0.9591, 0.9592, 0.9601, 0.9613, 0.9617, 0.962, 0.9628, 0.9632, 0.9628, 0.9634, 0.9635, 0.9638, 0.9647, 0.9648, 0.9652, 0.9664, 0.9658, 0.9672, 0.9673, 0.9685, 0.9682, 0.969, 0.9691, 0.9692, 0.9692, 0.9699, 0.9698, 0.9706, 0.9708, 0.971, 0.9711, 0.9717, 0.9723, 0.9721, 0.9722, 0.9724, 0.973, 0.9734, 0.973, 0.9737, 0.9736, 0.9736, 0.9739, 0.9749, 0.9744, 0.9745, 0.9753, 0.9753, 0.9755, 0.9761, 0.9769, 0.9763, 0.9762]
ACC_KF:[0.78, 0.8486, 0.8742, 0.8922, 0.9007, 0.9072, 0.913, 0.9162, 0.9208, 0.924, 0.928, 0.9317, 0.9337, 0.9346, 0.9383, 0.9386, 0.9416, 0.9437, 0.945, 0.9464, 0.9479, 0.9482, 0.95, 0.9517, 0.9525, 0.954, 0.9556, 0.9542, 0.9566, 0.9578, 0.9593, 0.9582, 0.9591, 0.9611, 0.9608, 0.9617, 0.9621, 0.9634, 0.9634, 0.9647, 0.9655, 0.9657, 0.9671, 0.9673, 0.9674, 0.9678, 0.9689, 0.9693, 0.9699, 0.9704, 0.9706, 0.9717, 0.972, 0.9715, 0.9714, 0.972, 0.9729, 0.9728, 0.9728, 0.9742, 0.974, 0.9739, 0.975, 0.9748, 0.9767, 0.9754, 0.9761, 0.976, 0.9767, 0.9774, 0.9765, 0.9763, 0.9782, 0.9775, 0.9782, 0.9785, 0.9779, 0.9794, 0.9791, 0.9786, 0.9787, 0.9793, 0.9795, 0.9797, 0.9802, 0.9798, 0.9804, 0.981, 0.9808, 0.9803, 0.9813, 0.9806, 0.9802, 0.9812, 0.9815, 0.9815, 0.981, 0.9817, 0.9816, 0.9813]
./picture/KF_Grad结果/CNN_CIAFAR10_KF_Grad.pngACC:[0.25, 0.2711, 0.2831, 0.3, 0.3138, 0.3301, 0.3417, 0.3474, 0.3545, 0.3618, 0.3682, 0.3704, 0.3774, 0.3844, 0.3866, 0.3904, 0.3939, 0.3988, 0.3995, 0.4019, 0.4045, 0.4106, 0.4118, 0.4144, 0.4169, 0.4211, 0.42, 0.4236, 0.4263, 0.428, 0.4309, 0.4347, 0.4345, 0.4381, 0.441, 0.4428, 0.4414, 0.4461, 0.4492, 0.4516, 0.4531, 0.4559, 0.4587, 0.4596, 0.461, 0.4636, 0.4646, 0.4682, 0.4696, 0.4734, 0.4734, 0.4742, 0.475, 0.4777, 0.4796, 0.4792, 0.4815, 0.4822, 0.4821, 0.4843, 0.4867, 0.4866, 0.4876, 0.4904, 0.4924, 0.4912, 0.4947, 0.4942, 0.4968, 0.4976, 0.4971, 0.5002, 0.4995, 0.5008, 0.501, 0.5023, 0.5039, 0.5052, 0.5051, 0.5071, 0.506, 0.5076, 0.5098, 0.513, 0.5125, 0.515, 0.5129, 0.5134, 0.5152, 0.5159, 0.5178, 0.517, 0.5175, 0.5181, 0.519, 0.5202, 0.5217, 0.522, 0.5233, 0.5218]
ACC_KF:[0.2626, 0.2873, 0.3044, 0.3256, 0.3437, 0.3563, 0.3671, 0.3729, 0.3808, 0.3869, 0.3927, 0.3955, 0.4008, 0.4066, 0.4109, 0.4141, 0.4203, 0.4228, 0.4243, 0.428, 0.4313, 0.4364, 0.4416, 0.443, 0.4451, 0.4497, 0.4504, 0.458, 0.4591, 0.4649, 0.4642, 0.4671, 0.4688, 0.4707, 0.473, 0.4761, 0.4786, 0.4791, 0.4812, 0.483, 0.4858, 0.4885, 0.49, 0.4927, 0.4927, 0.4946, 0.4988, 0.4986, 0.5006, 0.5003, 0.502, 0.505, 0.5065, 0.5072, 0.5087, 0.511, 0.5127, 0.5131, 0.5148, 0.5152, 0.5178, 0.5195, 0.52, 0.5196, 0.5222, 0.5209, 0.5251, 0.5224, 0.5264, 0.5267, 0.5294, 0.5278, 0.5288, 0.5292, 0.5295, 0.5307, 0.5331, 0.5338, 0.5329, 0.5342, 0.5338, 0.5357, 0.5371, 0.5367, 0.5389, 0.5382, 0.5407, 0.5385, 0.5422, 0.5449, 0.5438, 0.5421, 0.5458, 0.5469, 0.5466, 0.5469, 0.5442, 0.5482, 0.5504, 0.5513]
./picture/KF_Grad结果/CNN_CIAFAR10_KF_Grad.pngACC:[0.2501, 0.2694, 0.2817, 0.2997, 0.3147, 0.3279, 0.341, 0.3468, 0.3543, 0.3636, 0.3676, 0.3708, 0.377, 0.3835, 0.3851, 0.3914, 0.395, 0.3966, 0.3993, 0.4014, 0.4054, 0.409, 0.4121, 0.4147, 0.416, 0.4193, 0.4194, 0.4203, 0.4248, 0.4267, 0.4289, 0.4324, 0.434, 0.4352, 0.4395, 0.4414, 0.4416, 0.4467, 0.4463, 0.4497, 0.4521, 0.4564, 0.4568, 0.4591, 0.4596, 0.4613, 0.4636, 0.4673, 0.4695, 0.4717, 0.474, 0.473, 0.4742, 0.4768, 0.4783, 0.4793, 0.4803, 0.4818, 0.4828, 0.4848, 0.4843, 0.4862, 0.4875, 0.4898, 0.4917, 0.4895, 0.4933, 0.4915, 0.4969, 0.4961, 0.4975, 0.4989, 0.4955, 0.4972, 0.4998, 0.5023, 0.5026, 0.5035, 0.5046, 0.5026, 0.5064, 0.5081, 0.5102, 0.5091, 0.5111, 0.5124, 0.5107, 0.5125, 0.5134, 0.5153, 0.5147, 0.5155, 0.5173, 0.5184, 0.5171, 0.5191, 0.5191, 0.5198, 0.5225, 0.5208]
ACC_KF:[0.2609, 0.2859, 0.3031, 0.326, 0.3444, 0.3554, 0.3658, 0.3736, 0.3811, 0.3871, 0.3908, 0.3939, 0.3975, 0.4073, 0.4111, 0.4149, 0.4175, 0.422, 0.4217, 0.4282, 0.4305, 0.4336, 0.4389, 0.4425, 0.4449, 0.4494, 0.447, 0.4527, 0.4554, 0.4602, 0.4613, 0.4652, 0.4657, 0.4676, 0.4705, 0.4726, 0.4727, 0.477, 0.4784, 0.4795, 0.4811, 0.4836, 0.4874, 0.4882, 0.4904, 0.4914, 0.4949, 0.4987, 0.4996, 0.5021, 0.5023, 0.5036, 0.5058, 0.5113, 0.509, 0.5111, 0.513, 0.5123, 0.5126, 0.5126, 0.5134, 0.515, 0.5142, 0.5161, 0.5177, 0.5175, 0.521, 0.5193, 0.5229, 0.5234, 0.5228, 0.5234, 0.5265, 0.5262, 0.5248, 0.5286, 0.5298, 0.5312, 0.5316, 0.5303, 0.5328, 0.5323, 0.5325, 0.5346, 0.5343, 0.5378, 0.5349, 0.5359, 0.5403, 0.5412, 0.5424, 0.5412, 0.5441, 0.5441, 0.545, 0.5473, 0.5452, 0.5452, 0.5475, 0.5467]
./picture/KF_Grad结果/CNN_MINIST_KF_Grad.pngACC:[0.7107, 0.8176, 0.8497, 0.867, 0.8789, 0.8903, 0.8984, 0.9036, 0.9079, 0.9114, 0.9147, 0.9168, 0.9186, 0.9205, 0.9238, 0.9265, 0.9293, 0.9314, 0.932, 0.9337, 0.9353, 0.9365, 0.9377, 0.9393, 0.9394, 0.9412, 0.9433, 0.9431, 0.9465, 0.9464, 0.947, 0.9487, 0.9487, 0.9509, 0.9506, 0.9524, 0.9524, 0.9536, 0.9549, 0.9555, 0.9553, 0.9559, 0.9571, 0.957, 0.9569, 0.958, 0.9591, 0.9592, 0.9591, 0.9598, 0.9604, 0.9621, 0.9614, 0.9621, 0.9628, 0.9626, 0.9631, 0.9632, 0.9636, 0.9643, 0.9645, 0.9653, 0.9663, 0.9661, 0.9673, 0.9674, 0.9683, 0.9686, 0.9687, 0.9689, 0.9694, 0.9695, 0.9695, 0.9693, 0.9702, 0.9704, 0.9705, 0.9712, 0.9718, 0.9717, 0.9719, 0.9726, 0.9726, 0.9726, 0.9731, 0.9739, 0.9742, 0.9747, 0.9741, 0.9746, 0.9749, 0.9752, 0.9748, 0.9754, 0.9757, 0.9751, 0.9755, 0.9762, 0.976, 0.9753]
ACC_KF:[0.7785, 0.8487, 0.8742, 0.892, 0.9012, 0.9077, 0.9127, 0.9165, 0.9207, 0.9237, 0.9285, 0.931, 0.9333, 0.9336, 0.9384, 0.9389, 0.9414, 0.9438, 0.9447, 0.9466, 0.948, 0.9477, 0.9503, 0.9512, 0.9517, 0.953, 0.9555, 0.9552, 0.9565, 0.9578, 0.9586, 0.958, 0.9595, 0.9608, 0.9609, 0.9608, 0.9627, 0.9636, 0.9633, 0.965, 0.966, 0.9665, 0.9675, 0.9674, 0.9674, 0.968, 0.9687, 0.9689, 0.9685, 0.97, 0.9702, 0.9704, 0.9707, 0.9702, 0.9701, 0.9717, 0.9722, 0.9724, 0.972, 0.9742, 0.9732, 0.9747, 0.9746, 0.9748, 0.9766, 0.9759, 0.9759, 0.9757, 0.9771, 0.9766, 0.9768, 0.9767, 0.9781, 0.9767, 0.9777, 0.9771, 0.9774, 0.9785, 0.9784, 0.9786, 0.9784, 0.9788, 0.9787, 0.9792, 0.9791, 0.979, 0.9795, 0.9796, 0.9794, 0.9794, 0.9801, 0.9803, 0.9798, 0.9801, 0.9809, 0.9804, 0.9802, 0.9809, 0.9808, 0.9809]
./picture/KF_Grad结果/MLP_MINIST_KF_Grad.pngACC:[0.7198, 0.7924, 0.8297, 0.8498, 0.8624, 0.8721, 0.8782, 0.8832, 0.8867, 0.8916, 0.8947, 0.8969, 0.9005, 0.9017, 0.9031, 0.9044, 0.9059, 0.9062, 0.9079, 0.9096, 0.9114, 0.912, 0.9136, 0.9143, 0.9154, 0.9162, 0.9171, 0.9184, 0.9189, 0.9196, 0.92, 0.9212, 0.9216, 0.9221, 0.9225, 0.9233, 0.9241, 0.9239, 0.9248, 0.9259, 0.9258, 0.9266, 0.9265, 0.927, 0.9272, 0.9281, 0.9289, 0.9288, 0.9302, 0.9307, 0.9309, 0.931, 0.9318, 0.9321, 0.9319, 0.9327, 0.9329, 0.9334, 0.9341, 0.9351, 0.9351, 0.9351, 0.9356, 0.9359, 0.936, 0.9359, 0.937, 0.9374, 0.9374, 0.9377, 0.9381, 0.9391, 0.94, 0.9392, 0.9397, 0.9404, 0.9408, 0.9411, 0.9416, 0.9415, 0.942, 0.9427, 0.943, 0.9429, 0.9429, 0.943, 0.9436, 0.9435, 0.9443, 0.9449, 0.9451, 0.9448, 0.9452, 0.9455, 0.9462, 0.9464, 0.9472, 0.947, 0.9469, 0.9469]
ACC_KF:[0.762, 0.8291, 0.8574, 0.8725, 0.8801, 0.8866, 0.8925, 0.8975, 0.9016, 0.9043, 0.9072, 0.9075, 0.9091, 0.9102, 0.9114, 0.9151, 0.9155, 0.9163, 0.9177, 0.9197, 0.9204, 0.9214, 0.9221, 0.923, 0.924, 0.925, 0.9258, 0.9271, 0.9276, 0.9284, 0.9291, 0.9293, 0.9304, 0.9306, 0.9313, 0.9317, 0.9324, 0.9331, 0.933, 0.9337, 0.9349, 0.9352, 0.935, 0.9354, 0.9364, 0.9378, 0.9377, 0.9387, 0.9389, 0.9397, 0.9411, 0.9411, 0.9409, 0.9416, 0.9411, 0.9428, 0.9422, 0.943, 0.9435, 0.9443, 0.9448, 0.9451, 0.9457, 0.9466, 0.9464, 0.9471, 0.9471, 0.9473, 0.9481, 0.9482, 0.9482, 0.9488, 0.9483, 0.949, 0.9491, 0.9499, 0.9501, 0.9506, 0.9507, 0.9515, 0.9516, 0.951, 0.9519, 0.9521, 0.9522, 0.9526, 0.9529, 0.9531, 0.9536, 0.9541, 0.9544, 0.9541, 0.9544, 0.9549, 0.9557, 0.9555, 0.9549, 0.9554, 0.9553, 0.9561]
./picture/KF_Grad结果/MLP_MINIST_KF_Grad.pngACC:[0.7198, 0.7924, 0.8297, 0.8498, 0.8624, 0.8721, 0.8782, 0.8832, 0.8867, 0.8916, 0.8947, 0.8969, 0.9005, 0.9017, 0.9031, 0.9044, 0.9059, 0.9062, 0.9079, 0.9096, 0.9114, 0.912, 0.9136, 0.9143, 0.9154, 0.9162, 0.9171, 0.9184, 0.9189, 0.9196, 0.92, 0.9212, 0.9216, 0.9221, 0.9225, 0.9233, 0.9241, 0.9239, 0.9248, 0.9259, 0.9258, 0.9266, 0.9265, 0.927, 0.9272, 0.9281, 0.9289, 0.9288, 0.9302, 0.9307, 0.9309, 0.931, 0.9318, 0.9321, 0.9319, 0.9327, 0.9329, 0.9334, 0.9341, 0.9351, 0.9351, 0.9351, 0.9356, 0.9359, 0.936, 0.9359, 0.937, 0.9374, 0.9374, 0.9377, 0.9381, 0.9391, 0.94, 0.9392, 0.9397, 0.9404, 0.9408, 0.9411, 0.9416, 0.9415, 0.942, 0.9427, 0.943, 0.9429, 0.9429, 0.943, 0.9436, 0.9435, 0.9443, 0.9449, 0.9451, 0.9448, 0.9452, 0.9455, 0.9462, 0.9464, 0.9472, 0.947, 0.9469, 0.9469]
ACC_KF:[0.762, 0.8291, 0.8574, 0.8725, 0.8801, 0.8866, 0.8925, 0.8975, 0.9016, 0.9043, 0.9072, 0.9075, 0.9091, 0.9102, 0.9114, 0.9151, 0.9155, 0.9163, 0.9177, 0.9197, 0.9204, 0.9214, 0.9221, 0.923, 0.924, 0.925, 0.9258, 0.9271, 0.9276, 0.9284, 0.9291, 0.9293, 0.9304, 0.9306, 0.9313, 0.9317, 0.9324, 0.9331, 0.933, 0.9337, 0.9349, 0.9352, 0.935, 0.9354, 0.9364, 0.9378, 0.9377, 0.9387, 0.9389, 0.9397, 0.9411, 0.9411, 0.9409, 0.9416, 0.9411, 0.9428, 0.9422, 0.943, 0.9435, 0.9443, 0.9448, 0.9451, 0.9457, 0.9466, 0.9464, 0.9471, 0.9471, 0.9473, 0.9481, 0.9482, 0.9482, 0.9488, 0.9483, 0.949, 0.9491, 0.9499, 0.9501, 0.9506, 0.9507, 0.9515, 0.9516, 0.951, 0.9519, 0.9521, 0.9522, 0.9526, 0.9529, 0.9531, 0.9536, 0.9541, 0.9544, 0.9541, 0.9544, 0.9549, 0.9557, 0.9555, 0.9549, 0.9554, 0.9553, 0.9561]
